Number: 1.0
  floor: 1
  ceil: 1
  sqrt: 1.0
  circle_area: 3.141592653589793
------------------------------
Number: 5.0
  floor: 5
  ceil: 5
  sqrt: 2.23606797749979
  circle_area: 78.53981633974483
------------------------------
Number: 2.0
  floor: 2
  ceil: 2
  sqrt: 1.4142135623730951
  circle_area: 12.566370614359172
------------------------------
Number: 5.0
  floor: 5
  ceil: 5
  sqrt: 2.23606797749979
  circle_area: 78.53981633974483
------------------------------
